10 7 0 0 0 602
10 6 2 0 0 608
10 6 1 1 1 608
10 6 1 1 0 602
10 5 4 0 0 614
10 5 3 1 1 614
10 5 3 1 0 608
10 5 2 2 2 614
10 5 2 2 1 608
10 5 2 2 0 602
10 4 4 2 1 614
10 4 4 2 0 608
10 4 4 1 1 604
10 4 3 3 2 614
10 4 3 3 1 608
10 4 3 3 0 602
10 4 3 2 2 604
9 9 0 0 0 612
9 8 1 1 0 612
9 8 1 0 0 602
9 7 3 0 0 608
9 7 2 2 0 612
9 7 2 1 1 608
9 7 2 1 0 602
9 6 5 0 0 614
9 6 4 1 1 614
9 6 4 1 0 608
9 6 3 3 0 612
9 6 3 2 2 614
9 6 3 2 1 608
9 6 3 2 0 602
9 5 5 2 1 614
9 5 5 2 0 608
9 5 5 1 1 604
9 5 4 4 0 612
9 5 4 3 2 614
9 5 4 3 1 608
9 5 4 3 0 602
9 5 4 2 2 604
9 5 3 3 3 604
9 4 4 4 4 610
9 4 4 4 3 604
8 8 4 0 0 608
8 8 3 2 0 612
8 8 3 1 1 608
8 8 3 1 0 602
8 8 2 2 2 608
8 8 2 2 1 602
8 7 6 0 0 614
8 7 5 1 1 614
8 7 5 1 0 608
8 7 4 3 0 612
8 7 4 2 2 614
8 7 4 2 1 608
8 7 4 2 0 602
8 7 3 3 3 614
8 7 3 3 2 608
8 7 3 3 1 602
8 6 6 2 1 614
8 6 6 2 0 608
8 6 6 1 1 604
8 6 5 4 0 612
8 6 5 3 2 614
8 6 5 3 1 608
8 6 5 3 0 602
8 6 5 2 2 604
8 6 4 4 3 614
8 6 4 4 2 608
8 6 4 4 1 602
8 6 4 3 3 604
8 5 5 5 3 614
8 5 5 5 2 608
8 5 5 5 1 602
8 5 5 4 4 610
8 5 5 4 3 604
7 7 7 2 1 614
7 7 7 2 0 608
7 7 7 1 1 604
7 7 6 4 0 612
7 7 6 3 2 614
7 7 6 3 1 608
7 7 6 3 0 602
7 7 6 2 2 604
7 7 5 5 1 612
7 7 5 5 0 606
7 7 5 4 3 614
7 7 5 4 2 608
7 7 5 4 1 602
7 7 5 3 3 604
7 7 4 4 4 604
7 6 6 6 1 612
7 6 6 6 0 606
7 6 6 5 3 614
7 6 6 5 2 608
7 6 6 5 1 602
7 6 6 4 4 610
7 6 6 4 3 604
7 6 5 5 5 610
7 6 5 5 4 604